1,2,3,4,5,6,7,8,9,10,11,12,13,14,15,16,17,18,19,20,21,22,23,24,25,26,27,28,29,30,31,32,33,34,35,36,37,38,39,40,41,42,43,44,45,46,47,48,49,50,51,52,53,54,55,56,57,58,59,60,61,62,63,64,65,66,67,68,69,70,71,72,73,74,75,76,77,78,79,80,81,82,83,84,85,86,87,88,89,90,91,92,93,94,95,96,97,98,99,100
0,144.71,153.85,167.53,141.96,125.66,124.55,126.81,129.58,139.17,165.07,123.35,140.72,129.69,110.37,120.55,146.28,142.5,145.05,129.34,125.05,117.86,122.44,131.57,130.73,120.7,125.32,125.61,154.78,118.74,122.83,116.06,146.98,140.2,110.79,126.32,129.94,144.17,143.87,152.46,141.99,140.7,134.96,131.81,116.65,121.17,112.2,114.56,129.79,130.55,118.01,124.81,121.79,120.14,125.55,118.91,132.13,124.95,114.66,116.79,119.43,138.79,133.03,153.87,165.03,157.47,116.13,111.82,108.83,121,107.89,117.83,112.36,127.03,112.75,113.18,109.21,125.33,131.05,119.52,162.11,133.56,189.96,136.13,133.98,138.2,124.73,146.82,143.96,185.22,151.15,154.76,162.2,152,144.36,171.34,147.93,160.97,151.38,1
144.71,0,63.547,156.36,137.88,108.41,116.43,107.67,108.68,101.74,125.65,110,108.25,117.49,115.59,94.949,138.21,131.14,132.25,96.164,111.7,94.898,153.39,127.94,123.89,144.43,139.42,137.23,143.17,137.46,140.69,148.6,116.23,201.42,174.2,180.22,211.12,229.45,215.25,214.85,181.11,215.28,224.52,221.27,114.51,113.24,110.41,134.83,123.54,121.07,121.65,111.8,114.06,109.58,133.78,163.53,177.44,125.91,167.49,176.59,160.56,147.83,176.3,213.94,157.8,146.65,126.43,131.58,128.8,145.43,126.42,137.4,124.93,141.33,126.82,120.91,128.22,131.57,132.57,142.25,173.23,143.86,191.8,162.23,147.41,165.8,146.62,136.56,131.81,182.11,151.52,134.18,131.07,144.56,117.76,148.45,154.47,160.55,126.59,1
153.85,63.547,0,143.86,141.01,110.48,120.21,105.4,110.56,129.26,150.67,114.78,121.66,115.29,129.97,95.8,144.14,134.61,127.06,106.2,119.84,106.93,136.38,116.13,104,137.71,142.95,137.46,152.87,123.63,148.43,141.12,114.55,189.67,171.53,192,215.47,214.35,212.56,210.51,192.42,198.14,227.43,224.44,123.46,147.72,123.21,116.67,142.04,140.92,129.2,126.6,126.98,123.76,122.77,164,166.32,117.6,164.21,169.82,155.17,133.41,174.19,206.4,157.71,154.98,141.55,133.48,132.07,152.14,131.92,143.55,135.66,145.78,127.2,126.73,137.33,131.91,140.14,135.16,193.04,144.64,195.62,160.63,146.17,161.11,137.39,187.42,155.97,200.85,178.88,158.89,145.16,158.83,140.77,167.32,184.6,175.17,152.06,1
167.53,156.36,143.86,0,44.681,121.62,140.97,120.6,115.88,140.17,161.11,138.77,145.07,138.11,130.78,135.17,146.13,146.79,132.74,129.87,150.5,146.11,170.75,145.46,140.52,173.16,156.62,151.81,144.62,147.49,174.86,173.3,126.64,205.49,183.33,185.06,209.12,223.09,202.49,205.87,189.26,209.31,215.11,211.64,134.1,134.09,133.11,155.59,131.48,134.42,135.37,145.32,142,140.35,151.85,172.06,166.78,131.88,173.75,181.77,164.03,127.83,173.05,198.02,168.75,169.42,147.57,137.54,139.98,130.29,137.75,130.76,133.3,133.06,141.08,133.02,148.34,157.92,168.57,164.42,156.55,165.3,173.09,180.45,161.25,174.39,167.58,198.97,168.05,187.02,170.76,163.04,161.89,159.97,152.96,171.41,178.27,175.42,162.45,1
141.96,137.88,141.01,44.681,0,106.48,124.32,104.56,100.32,133.12,148.53,124.67,135.73,115.85,127.71,122.46,121.72,127.75,119.02,119.87,123.79,123.81,146.43,125.93,118.87,149.96,133.17,119.07,123.22,118.1,146.59,141.75,110.94,188.39,172.05,174.13,184.07,199.73,179.36,183.33,166.38,185.58,201.83,197.24,112.35,113.4,110.57,133.2,115.1,117.35,113.18,120.98,117.03,116.45,131.07,148.04,148.79,120.56,150.35,153.65,146.21,107.99,143.31,172.08,148.54,149.18,124.94,113.15,113.07,103.86,114.37,100.8,110.69,108.72,125.32,115.59,133.06,133.1,140.07,139.49,128.38,145.49,147.97,150.43,134.36,156.23,140.76,165.61,145.01,160.62,154.24,138.46,138.81,148.82,131.07,145.5,151.22,154.43,143.58,1
125.66,108.41,110.48,121.62,106.48,0,74.534,11.848,18.305,104.02,125.64,88.057,94.084,89.026,95.034,86.235,103.99,98.048,86.92,86.557,94.454,75.599,98.784,85.309,79.116,95.306,100.17,92.308,102.36,90.428,113.14,110.43,88.167,186.52,135.22,135.1,158.84,194.95,172.71,167.23,139.25,184.61,199.67,189.02,63.985,65.671,63.371,100.15,61.458,63.358,62.668,72.03,69.556,67.858,100.21,116.75,122.03,83.611,118.76,139.55,116.94,102.37,130.51,159.88,108.46,105.14,103.93,100.04,97.883,115.31,101.09,101.38,99.581,109.59,115.08,86.518,110.07,107.28,101.03,111.43,144.83,116.51,136.82,145.33,101.44,139.4,129.59,118.56,86.754,125.63,114.26,88.214,99.742,104.47,79.305,99.584,109.73,94.838,90.789,1
124.55,116.43,120.21,140.97,124.32,74.534,0,79.69,85.455,124.32,96.228,119.98,119.22,129.3,100.72,106.83,146.73,135.27,146.06,111.25,112.63,90.406,113.95,81.243,94.538,130.52,97.865,113.1,130.02,100.15,124.67,112.13,101.63,176.27,159.09,147.93,161.84,196.22,179.99,170.18,157.42,179.95,196.14,189.71,94.309,96.132,87.237,129.47,89.876,92.893,96.645,99.586,102.35,102.3,130.81,146.08,136.56,117.99,143.63,156.13,140.8,131.58,153,164.21,119.04,113.58,123.88,133.43,131.73,135.8,136.13,137,130.42,141.08,122.79,121.69,124.64,121.84,121.48,127.63,159.81,121.11,149.13,137.42,127.34,149.57,144.24,127.15,87.668,140.29,132.2,123.02,122.73,116.34,108.65,133.33,144.9,126.85,123.06,1
126.81,107.67,105.4,120.6,104.56,11.848,79.69,0,16.873,101.22,129.48,87.326,97.166,87.63,95.927,85.143,104.87,95.835,84.402,90.069,91.535,78.594,98.51,85.584,80.943,94.133,100.23,93.586,104.45,91.285,120.3,110.27,88.657,181.42,135.01,134.12,159.35,181.49,170.75,164.54,135.04,184.93,196.39,187.49,63.549,67.445,65.802,97.493,61.009,63.227,62.85,73.837,70.092,68.142,100,117.98,120.65,81.734,119.1,137.17,119.24,103.76,129.55,158.6,103.52,103.4,103.76,101.79,98.603,116.25,101.33,104.82,101.68,109.23,115.38,83.493,109.2,108.94,100.41,109.56,145.07,116.44,137.77,144.43,100.34,138.22,129.4,119.87,91.102,129.34,117.12,90.726,104.06,103.84,82.936,104.66,114.94,100.21,94.421,1
129.58,108.68,110.56,115.88,100.32,18.305,85.455,16.873,0,101.54,130.81,89.788,92.387,84.666,97.049,88.987,98.815,92.681,78.291,92.732,89.161,79.828,102.09,76.351,69.79,97.953,101.54,85.67,94.642,95.081,124.35,116.21,78.996,180.17,143.39,142.68,156.85,184.91,162.21,155.19,138.61,180.84,194.24,186.58,60.673,62.828,59.165,102.19,61.178,61.199,60.976,70.461,66.617,64.366,102.39,108.74,117.85,87.922,112.99,128.9,111.59,108.7,128.4,150.6,116.47,111.48,98.712,93.494,91.583,103.17,93.488,92.515,92.867,104.54,120.06,78.911,109.07,109.27,103.31,113.47,136.07,116.35,127.57,136.52,107.44,140.39,137.46,120.66,89.373,120.09,108.04,82.583,91.907,97.117,74.974,93.731,110.24,88.502,96.575,1
139.17,101.74,129.26,140.17,133.12,104.02,124.32,101.22,101.54,0,86.839,134.74,110.44,127.98,131.38,100.74,146.39,152.85,146.76,118.79,142.7,111.25,125.05,106.24,113.52,150.41,123.99,111.88,140.12,119.86,148.04,134.64,108.04,187.45,157.1,165.43,186.99,211.43,194.55,190.93,167.92,191.79,196.91,191.28,117.69,121.66,106.22,133.26,119.85,120.8,122.42,128.38,118.6,115.75,126.44,155.63,174.69,115.75,151.37,168.2,147.32,147.97,170.15,199.7,137.2,140.28,115.66,116.33,109.4,140.16,120.83,131.51,122.08,129.92,127.11,112.88,111.69,127.24,119.04,119.88,186.29,121.83,172.87,147.01,123.99,152.89,126.32,145.6,130.98,167.07,169.46,140.78,135.45,120.06,132.09,150.26,176.72,150.13,120.62,1
165.07,125.65,150.67,161.11,148.53,125.64,96.228,129.48,130.81,86.839,0,144.28,108.37,154.45,137.72,115.73,154.2,172.95,152.19,137.24,150.38,122.81,122.95,83.648,107.16,151.48,114.17,133.98,117.25,141.71,140.11,128.15,106.08,184.66,175.99,178.14,198.65,208.84,199.53,193.33,184.9,192.15,209.88,200.58,124.82,128.05,126.54,145.06,121.25,122.05,125.5,136,137.25,136.69,134.54,161.99,185.1,125.49,164.14,175.7,141.35,157.91,169.47,192.9,168.54,162.48,140.12,141.98,133.82,144.86,135.07,139.81,135.95,119.03,146.18,128.73,123.7,129.28,137.31,137.47,191.79,136.19,161.77,156.16,139.96,166.51,151.5,175.57,121.27,164.42,170.63,133.84,132.99,125.5,135.26,151.96,168.86,150.7,127.27,1
123.35,110,114.78,138.77,124.67,88.057,119.98,87.326,89.788,134.74,144.28,0,58.782,47.889,51.161,58.55,59.505,46.805,51.862,34.997,36.918,47.479,125.99,118.43,103.42,113.09,117.37,114.8,128.63,110.99,114.25,125.84,105.21,161.35,123.95,131.58,149.02,178.34,157.11,150,130.94,178.25,182.49,173.68,73.212,77.385,76.988,81.111,82.362,77.954,80.173,74.447,82.374,80.549,82.852,120.67,116.11,88.326,119.52,129.34,110.77,91.744,117.46,158.36,129.68,114.78,98.032,97.249,92.291,103.77,90.464,95.971,87.292,96.785,83.568,81.014,109.98,99.405,98.782,105.77,113.63,115.7,146.7,127.5,95.374,125.85,112.39,100.19,85.72,113.92,94.491,91.438,87.964,112.56,75.497,93.489,94.761,103.83,91.512,2
140.72,108.25,121.66,145.07,135.73,94.084,119.22,97.166,92.387,110.44,108.37,58.782,0,53.271,72.768,64.391,60.754,57.456,68.642,59.649,56.842,67.237,101.87,89.756,81.528,106.19,95.072,85.65,94.539,88.167,115.33,114.19,85.241,179.3,144.81,160.92,171.08,199.44,155.71,154,158.05,190.47,209.51,193.01,86.35,91.24,89.993,96.334,95.396,90.294,90.991,81.327,95.502,92.34,90.688,111.22,122.01,85.813,109.68,133.06,96.846,100.85,105.24,154.01,146.72,130.25,104.9,118.79,108.32,111.45,113.83,108.36,105.09,98.383,105.93,91.577,125.41,110.09,112.57,126.82,91.156,122.22,87.034,135.62,113.67,131.55,132.77,106.34,69.44,81.287,89.418,77.366,71.904,91.989,56.478,67.255,83.577,76.086,63.284,2
129.69,117.49,115.29,138.11,115.85,89.026,129.3,87.63,84.666,127.98,154.45,47.889,53.271,0,66.513,57.133,44.218,38.935,49.901,46.966,32.984,64.842,120.13,111.69,90.852,97.614,121.62,120.47,92.287,110.43,114.35,142.43,76.85,160.88,133.01,144.03,163.23,180.69,153.75,150.15,150.24,171.83,196.08,186.12,88.465,85.981,89.53,72.898,92.638,87.399,90.195,73.752,95.421,93.302,68.914,101.01,112.59,69.955,104.62,118.68,91.443,78.882,108.16,138.23,144.15,115.61,99.385,98.402,97.412,94.345,93.462,84.223,84.771,88.884,91.645,85.112,117.23,90.354,96.381,113.98,85.019,118.37,116.14,134.21,91.726,115.88,113.79,115.45,76.133,96.465,88.133,81.457,72.255,95.444,62.997,71.915,78.307,83.125,75.951,2
110.37,115.59,129.97,130.78,127.71,95.034,100.72,95.927,97.049,131.38,137.72,51.161,72.768,66.513,0,59.026,80.94,74.195,63.149,52.707,68.549,68.508,106.97,107.05,97.425,96.928,100.02,103.72,108.82,90.057,105.45,115.66,91.088,145.53,104.45,120.65,131.75,154.85,137.56,133.14,123.52,176.36,154.4,146.54,97.145,86.762,92.582,91.219,93.522,93.465,100.54,90.974,102.76,99.987,79.243,119.69,114.55,81.948,117.77,115.64,107.42,100.95,117.14,137.38,136.47,120.52,70.852,81.989,76.979,78.898,72.017,80.267,66.567,81.916,66.798,59.806,96.118,88.739,82.79,104.34,99.457,100.55,134.35,119.69,82.545,110.26,109.2,89.635,77.585,111.04,77.869,77.845,83.797,96.684,72.619,92.554,80.267,96.335,87.092,2
120.55,94.949,95.8,135.17,122.46,86.235,106.83,85.143,88.987,100.74,115.73,58.55,64.391,57.133,59.026,0,73.204,73.813,69.796,44.041,61.246,61.777,100.91,81.955,71.223,93.554,96.06,101.99,100.31,87.219,104.64,104.19,81.281,158.24,125.46,133.72,154.31,175,153.28,151.32,147.79,179.6,180.5,173.59,78.934,78.087,77.771,80.999,83.715,80.044,80.472,77.933,83.095,79.709,75.125,119.56,125.46,81.115,118.33,132.97,106.07,104.93,119.26,153.53,126.58,124.3,90.038,83.172,81.9,102,80.963,87.086,79.413,86.62,97.716,80.877,97.81,85.92,84.08,94.141,108.39,105.44,120.77,108.91,82.057,117.54,102.5,109.07,60.592,97.782,86.351,72.686,75.018,86.149,65.175,79.506,84.192,86.286,63.385,2
146.28,138.21,144.14,146.13,121.72,103.99,146.73,104.87,98.815,146.39,154.2,59.505,60.754,44.218,80.94,73.204,0,33.006,35.89,71.69,57.435,87.093,128.1,102.38,89.691,102.55,127.64,106.1,86.914,103.5,122.74,138.65,74.518,186.06,150.22,165.11,173.16,206.78,149.66,143.86,167.91,183.86,221.24,200.45,108.72,107.35,108.12,100.52,114.32,109.25,111.56,96.974,118.06,114.86,86.716,118.51,107.81,84.461,119.88,109.23,95.352,86.743,104.56,123.08,181.04,145.34,106.89,93.003,88.855,79.128,86.701,74.897,82.107,67.701,97.979,80.619,130.05,98.697,103.76,121.46,66.192,126.92,85.419,131.33,92.358,124.16,119.98,98.915,68.036,63.191,63.988,62.26,62.193,74.904,66.245,59.918,50.067,67.99,64.614,2
142.5,131.14,134.61,146.79,127.75,98.048,135.27,95.835,92.681,152.85,172.95,46.805,57.456,38.935,74.195,73.813,33.006,0,33.298,53.101,48.749,75.317,135.51,121.22,97.653,110.88,133.71,104.57,108.29,108.24,118.37,145.08,97.012,183.25,148.33,168.56,177.33,200.64,154.72,148.73,159.43,198.5,216.79,198.12,98.528,101.02,102.13,100.13,104.49,98.14,103.09,87.688,111.87,109.43,91.862,128.8,113.66,86.349,129.62,121.38,104.4,99.317,114.02,133.19,162.85,133.88,98.099,99.95,98.188,90.586,92.181,87.019,85.946,83.885,95.81,84.553,125.92,100.87,104.35,124.8,76.245,123.56,105.89,136.04,92.382,124.54,121.34,99.062,71.114,81.619,68.525,76.797,68.109,93.01,60.823,61.457,58.892,69.162,70.39,2
145.05,132.25,127.06,132.74,119.02,86.92,146.06,84.402,78.291,146.76,152.19,51.862,68.642,49.901,63.149,69.796,35.89,33.298,0,59.97,64.577,83.21,129.3,107.5,89.769,112.13,128.07,111.23,96.65,110.31,129.47,146.35,79.208,180.08,141.04,169.16,163.57,188.39,148.87,137.14,160.42,189.7,216.8,197.5,111.75,109.67,110.57,100.13,112.36,107.88,110.99,107.26,124.31,120.43,86.962,125.99,111.62,95.266,129.92,114.69,98.488,96.573,111.82,125.24,168.8,148.12,92.701,86.427,89.403,78.931,81.307,75.93,72.555,66.84,81.678,73.809,121.32,86.712,92.268,113.79,82.92,109.87,106.18,130.51,82.358,104.11,108.82,119.29,73.857,78.775,64.456,75.976,66.891,97.521,60.146,58.293,63.886,65.934,61.748,2
129.34,96.164,106.2,129.87,119.87,86.557,111.25,90.069,92.732,118.79,137.24,34.997,59.649,46.966,52.707,44.041,71.69,53.101,59.97,0,47.144,46.507,115.59,94.681,91.253,110.29,106.88,116.3,122.31,103.7,119.9,115.63,93.731,160.9,129.4,144.32,153.12,178.01,154.78,150.31,135.99,183.23,178.69,166.96,74.003,74.19,74.245,83.138,79.788,74.74,78.939,69.976,77.21,76.467,74.688,116.73,116.72,86.842,116.96,131.33,110.13,95.116,120.3,157.32,129.12,111.02,99.042,94.664,94.695,111.56,94.34,104,96.573,103.13,89.995,91.273,103.05,97.99,103.89,110.47,110.88,103.31,135.6,122.33,99.247,111.71,108.81,109.2,72.453,108.71,97.649,84.006,83.993,102.16,74.779,84.882,91.902,88.97,75.971,2
125.05,111.7,119.84,150.5,123.79,94.454,112.63,91.535,89.161,142.7,150.38,36.918,56.842,32.984,68.549,61.246,57.435,48.749,64.577,47.144,0,49.518,121.92,105.65,88.783,108.91,116.21,109.38,119.41,100.58,96.403,127.94,91.772,172.07,140.46,142.25,159.35,183.49,152.78,147.28,140.31,184.01,195.5,187.15,69.355,72.211,71.281,75.481,78.1,74.918,75.896,64.247,81.124,78.642,78.87,107.59,108.97,79.596,106.82,124.48,109.29,80.746,111.98,145.6,124.16,105.83,98.121,105.93,98.029,105.18,104.42,99.824,96.848,93.567,87.583,88.296,113.01,99.485,90.097,109.44,97.642,123.05,135.71,125.73,93.475,125.42,113.59,96.239,79.248,110.02,91.535,82.798,78.985,101.29,76.736,84.783,91.165,93.193,83.041,2
117.86,94.898,106.93,146.11,123.81,75.599,90.406,78.594,79.828,111.25,122.81,47.479,67.237,64.842,68.508,61.777,87.093,75.317,83.21,46.507,49.518,0,112.36,84.481,81.137,114.08,108.24,100.79,121.26,94.152,101.93,107.05,105.33,172.79,137.29,155.25,167.4,190.97,172.75,167.63,145.15,174.16,187.6,178.57,58.946,67.626,63.543,96.535,69.215,64.861,62.739,62.977,65.411,62.779,96.542,131.54,124.29,95.289,128.64,140.1,128.63,96.844,132.88,171.33,115.71,110.91,100.51,102.16,101.9,118.86,99.941,110.98,102.67,119.75,95.291,96.286,97.105,104.36,104.64,108.98,134.4,104.72,155.05,122.31,109.51,129.62,112.05,108.47,79.161,124.35,106.61,100.37,98.886,118.68,78.813,100.73,104.79,105.07,82.334,2
122.44,153.39,136.38,170.75,146.43,98.784,113.95,98.51,102.09,125.05,122.95,125.99,101.87,120.13,106.97,100.91,128.1,135.51,129.3,115.59,121.92,112.36,0,62.794,75.894,50.26,53.145,81.809,86.865,78.642,91.569,49.562,93.133,152.88,92.641,100.01,121.1,155.56,125.79,121.54,110.74,146.84,152.73,131.9,91.426,101.8,89.511,90.312,102.66,105.26,95.528,102.38,96.485,92.987,95.898,115.01,115.75,106.46,120.6,124.11,119.62,126.52,119.7,131,151.23,131.21,96.245,97.963,98.016,111.55,100.81,102.96,101.56,112.08,142.65,84.838,101.45,96.898,104.7,95.368,132.92,108.31,125.91,105.63,104.99,118.79,117.25,145.81,87.153,121.9,114.82,89.716,116.96,94.111,98.227,109.74,114.78,101.67,102.16,3
131.57,127.94,116.13,145.46,125.93,85.309,81.243,85.584,76.351,106.24,83.648,118.43,89.756,111.69,107.05,81.955,102.38,121.22,107.5,94.681,105.65,84.481,62.794,0,46.112,98.267,64.361,77.758,57.652,70.8,93.557,67.259,50.144,176.09,116.62,146.45,152.8,184.34,147.31,146.16,152.07,166.88,178.96,162.54,78.664,88.981,75.617,93.412,87.144,87.486,79.491,88.415,83.404,80.884,83.13,129.79,141.38,111.01,127.8,138.93,112.65,116.26,120.15,140.67,132.17,128.14,96.034,72.414,71.847,87.888,74.432,76.629,76.339,95.576,119.98,65.807,97.799,90.135,100.57,99.031,123.41,94.049,115.04,110.34,96.316,116.04,106.46,139.95,76.655,110.47,110.54,76.967,86.429,88.884,91.761,102.88,108.93,101.39,88.887,3
130.73,123.89,104,140.52,118.87,79.116,94.538,80.943,69.79,113.52,107.16,103.42,81.528,90.852,97.425,71.223,89.691,97.653,89.769,91.253,88.783,81.137,75.894,46.112,0,93.119,68.18,58.098,60.251,47.983,83.877,73.232,53.046,189.22,130.05,163.83,165.49,196.79,150.56,150.55,173.63,169.74,200.02,183.3,70.394,82.962,64.319,105.84,81.189,80.022,72.463,82.325,78.236,77.995,99.194,132.97,144.54,107.06,135.31,134.41,111.45,126.09,125.23,139.4,132.18,131.22,85.729,86.856,79.174,96.95,76.788,85.008,81.27,97.684,118.37,69.521,98.777,80.423,88.481,91.498,111.48,100.35,95.074,104.24,87.572,118.54,104.73,133.25,70.402,96.39,92.038,68.897,78.181,83.021,70.628,81.969,91.655,80.291,77.364,3
120.7,144.43,137.71,173.16,149.96,95.306,130.52,94.133,97.953,150.41,151.48,113.09,106.19,97.614,96.928,93.554,102.55,110.88,112.13,110.29,108.91,114.08,50.26,98.267,93.119,0,74.676,92.579,106.64,91.913,100.28,81.944,108.48,147.28,96.659,103.15,111.52,137.01,96.544,96.692,95.853,152.8,158.49,143.48,106.72,109.17,107.97,91.442,117.6,117.53,109.66,112.65,115.3,110.7,101.6,90.656,82.003,104.54,91.537,87.986,80.584,119.92,80.869,89.793,163.89,135.1,99.52,97.435,100.16,100.18,97.136,92.539,94.264,92.957,124.88,85.755,110.22,108.29,105.08,104.91,104.43,110.6,118.71,112.14,110.5,124.55,129.93,132,92.454,115.54,93.145,96.351,112.85,96.363,96.998,105.69,90.277,101.99,106.67,3
125.32,139.42,142.95,156.62,133.17,100.17,97.865,100.23,101.54,123.99,114.17,117.37,95.072,121.62,100.02,96.06,127.64,133.71,128.07,106.88,116.21,108.24,53.145,64.361,68.18,74.676,0,69.756,80.511,76.23,93.581,56.045,87.238,158.95,116.2,131.54,143.43,177.19,141.05,140.78,144.34,174.84,164.13,148.96,91.052,109.27,88.646,116.93,104.72,106.06,94.866,103.13,96.252,93.008,112.78,129.51,140.68,117.55,126.98,142.2,117.97,137.33,120.64,136.66,159.24,149.75,100.26,99.888,93.743,113.59,104.07,105.76,104.55,112.53,134.92,82.646,95.835,85.231,98.475,85.913,132.22,95.143,98.644,89.769,95.752,101.82,97.509,131.43,81.047,102.26,104.46,81.334,97.132,96.119,82.574,97.91,105.61,94.008,105.54,3
125.61,137.23,137.46,151.81,119.07,92.308,113.1,93.586,85.67,111.88,133.98,114.8,85.65,120.47,103.72,101.99,106.1,104.57,111.23,116.3,109.38,100.79,81.809,77.758,58.098,92.579,69.756,0,66.704,39.422,68.786,77.083,76.683,179.78,132.94,172.37,156.56,196.53,136.1,135.62,173.78,154.42,192.74,173.63,94.439,113.09,89.936,122.9,114.45,112.68,97.136,105.23,99.723,97.066,121.38,138.44,131.23,123.99,138.5,135.92,117.49,139.27,121.75,125.4,170.55,155.42,73.965,88.111,78.903,91.239,85.96,86.353,84.95,98.987,125.52,65.724,94.483,97.396,101.48,103.64,101.93,103.26,94.01,107.12,108.08,129.94,123.38,132.29,85.49,89.384,80.511,75.041,78.087,84.361,80.833,80.155,84.19,80.522,90.709,3
154.78,143.17,152.87,144.62,123.22,102.36,130.02,104.45,94.642,140.12,117.25,128.63,94.539,92.287,108.82,100.31,86.914,108.29,96.65,122.31,119.41,121.26,86.865,57.652,60.251,106.64,80.511,66.704,0,70.103,114.82,102.42,51.974,210.83,151.91,196.54,184.47,230.06,153.33,151.61,201.54,193.75,216.36,203.6,105.83,122.88,104.4,131.13,121.4,119.84,111.5,113.29,113.52,107.6,118.55,149.44,144.32,118.78,151.03,142.26,116.89,122.24,125.74,129.45,191.17,167.28,85.214,77.215,72.267,73.233,79.416,62.866,71.062,79.406,112.11,58.341,115.85,107.06,105.3,118.85,82.18,112.11,82.3,118.52,109.46,132.89,133,129.95,75.219,83.779,82.844,63.932,71.515,81.026,78.235,76.664,78.076,78.12,76.203,3
118.74,137.46,123.63,147.49,118.1,90.428,100.15,91.285,95.081,119.86,141.71,110.99,88.167,110.43,90.057,87.219,103.5,108.24,110.31,103.7,100.58,94.152,78.642,70.8,47.983,91.913,76.23,39.422,70.103,0,61.498,74.523,84.723,174.29,123.8,166.37,167.86,203.69,155.16,151.6,175.3,149.9,197.48,178.27,89.357,111.11,88.679,120,111.17,108.13,90.784,99.548,93.359,91.374,108.67,135.04,131.45,117.59,137.96,141.38,117.16,127.84,126.92,137.24,160.7,148.18,65.72,80.298,75.566,90.273,78.171,82.561,75.805,100.38,115.78,64.565,86.416,85.206,93.894,95.533,105.09,101.27,109.97,100.66,93.544,117.14,112.04,133.89,82.481,108.14,82.971,79.54,88.433,96.269,80.959,93.5,85.026,88.523,91.152,3
122.83,140.69,148.43,174.86,146.59,113.14,124.67,120.3,124.35,148.04,140.11,114.25,115.33,114.35,105.45,104.64,122.74,118.37,129.47,119.9,96.403,101.93,91.569,93.557,83.877,100.28,93.581,68.786,114.82,61.498,0,85.028,107.07,148.18,137.39,152.36,156.35,174.78,154.19,158.04,160.77,152.31,172.58,160.66,97.129,110.85,101.7,106.58,114.28,114.27,98.01,107.36,112.78,110.7,101.64,135.08,123.84,131.22,133.81,134.16,126.89,122.46,129.77,150.52,164.09,151,85.531,82.887,84.2,106.23,88.054,96.913,90.885,101.6,113.56,82.419,93.662,85.712,105.05,105.52,145.47,107.52,153.75,99.981,102.67,116.12,103.2,167.19,110.76,129.91,117.96,112.34,110.39,118.96,108.92,126.99,113.48,130.26,115.87,3
116.06,148.6,141.12,173.3,141.75,110.43,112.13,110.27,116.21,134.64,128.15,125.84,114.19,142.43,115.66,104.19,138.65,145.08,146.35,115.63,127.94,107.05,49.562,67.259,73.232,81.944,56.045,77.083,102.42,74.523,85.028,0,109.72,182.33,127.77,135.36,152.61,187.07,154.98,154.8,152.62,170.11,180.05,162.78,100.39,121.57,104.39,106.6,121.18,123.09,101.1,111.46,110.89,109.07,116.06,143.15,143.61,133.42,142.63,149.11,134.05,141.03,140.54,155.27,164.22,155.02,95.754,106.45,100.6,122.15,102.93,117.35,104.1,132.69,145.34,84.534,102.48,102.12,112.48,107.66,155.41,112.72,149.12,102.39,114.02,126.02,115.45,162.46,96.377,138.15,120.61,99.178,128.66,119.4,112.77,122.89,125.29,116.76,119.82,3
146.98,116.23,114.55,126.64,110.94,88.167,101.63,88.657,78.996,108.04,106.08,105.21,85.241,76.85,91.088,81.281,74.518,97.012,79.208,93.731,91.772,105.33,93.133,50.144,53.046,108.48,87.238,76.683,51.974,84.723,107.07,109.72,0,178.81,140.11,155.95,158.1,194.63,143.17,141.9,160.19,193.08,199.84,186.68,91.317,92.538,87.04,101.21,88.533,87.966,93.528,101.63,98.308,95.242,87.118,118.44,133.32,92.693,121.3,128.19,89.481,102.93,108.56,129.08,148.26,135.11,80.577,66.919,63.592,72.604,63.792,62.22,59.708,66.866,91.211,53.153,101,108.41,110.77,124.24,97.823,118.93,84.876,147.48,112.13,132.02,132.82,137.72,72.59,80.915,87.612,61.152,52.968,66.883,66.247,70.383,90.197,80.942,69.758,3
140.2,201.42,189.67,205.49,188.39,186.52,176.27,181.42,180.17,187.45,184.66,161.35,179.3,160.88,145.53,158.24,186.06,183.25,180.08,160.9,172.07,172.79,152.88,176.09,189.22,147.28,158.95,179.78,210.83,174.29,148.18,182.33,178.81,0,111.01,124.93,93.828,100.35,113.63,123.42,124.13,108.75,97.557,70.185,177.23,165.86,175.51,159.77,174.04,169.78,180.32,182.58,188.63,187.4,147.77,143.86,156.95,183.88,144.47,126.84,132.41,183.52,146.09,158.67,201.75,180.44,132.52,142.68,141.09,147.34,138.6,152.6,151.12,168.03,144.13,139.39,121.28,170.52,161.67,157.59,205.59,157.78,195.27,153.08,166.62,158.18,156.47,213.12,184.91,192.11,196.18,187.43,184.95,171.1,186.19,197.01,185.06,189.33,175.51,4
110.79,174.2,171.53,183.33,172.05,135.22,159.09,135.01,143.39,157.1,175.99,123.95,144.81,133.01,104.45,125.46,150.22,148.33,141.04,129.4,140.46,137.29,92.641,116.62,130.05,96.659,116.2,132.94,151.91,123.8,137.39,127.77,140.11,111.01,0,77.591,107.62,127.54,138.21,123.03,100.44,162.79,111.13,105.03,128.68,132.44,129.65,129.4,143.97,142.46,130.53,132.4,127.62,128.35,114.04,117.29,131.05,145.63,111.16,125.32,126.27,143.88,130.04,164.93,162.99,137.88,85.539,104.71,107.67,105.59,99.197,110.67,100.53,141.36,121.83,84.667,91.641,124.53,126.89,110.37,181.34,129,180.46,148.9,125.98,145.02,131.42,173.5,135.43,168.77,153.79,135.29,146.28,145.13,127.23,156.08,148.01,142.78,128.73,4
126.32,180.22,192,185.06,174.13,135.1,147.93,134.12,142.68,165.43,178.14,131.58,160.92,144.03,120.65,133.72,165.11,168.56,169.16,144.32,142.25,155.25,100.01,146.45,163.83,103.15,131.54,172.37,196.54,166.37,152.36,135.36,155.95,124.93,77.591,0,91.962,116.39,133.43,120.64,64.653,154.1,102.8,99.797,145.59,136.42,139.97,125.64,141.36,142.95,146.19,148.17,152.91,151.72,127.86,119,134.7,139.11,115.66,108.21,125.17,125.45,126.08,169.08,165.56,156.37,112.93,133.42,132.79,141.9,132.29,140.22,131.64,154.78,138.87,119.47,110.52,142.34,143.8,135.74,203.97,153.51,208.51,164.92,153.32,162.76,158.02,181.5,154.56,214.46,184.48,170.83,174.18,145.34,153.84,187.26,190.15,182.63,173.96,4
129.94,211.12,215.47,209.12,184.07,158.84,161.84,159.35,156.85,186.99,198.65,149.02,171.08,163.23,131.75,154.31,173.16,177.33,163.57,153.12,159.35,167.4,121.1,152.8,165.49,111.52,143.43,156.56,184.47,167.86,156.35,152.61,158.1,93.828,107.62,91.962,0,44.733,66.814,59.789,80.944,129.3,70.937,58.131,162.33,153.5,156.4,149.63,158.68,161.64,164.2,168.76,172.01,169.59,152.05,109.28,103.76,174.49,112.11,96.72,128.83,163.12,120.27,117.23,173.81,146.63,128.75,137.5,137.17,136.64,137.61,139.42,143.02,146.67,143.31,131.43,126.35,157.95,174.95,150.44,163.8,151.49,175.26,154.18,162.02,166.95,167.11,189.77,168.46,173.91,169.58,170.19,181.6,161.35,181,189.95,166.08,180.81,173.4,4
144.17,229.45,214.35,223.09,199.73,194.95,196.22,181.49,184.91,211.43,208.84,178.34,199.44,180.69,154.85,175,206.78,200.64,188.39,178.01,183.49,190.97,155.56,184.34,196.79,137.01,177.19,196.53,230.06,203.69,174.78,187.07,194.63,100.35,127.54,116.39,44.733,0,94.982,86.732,95.489,145.92,88.442,75.526,197.69,191.81,192.97,150.21,194.31,200.51,202.43,205.96,207.59,205.03,152.51,127.81,122.51,181.86,130.45,96.416,133.48,178.53,137.3,150.68,205.21,177.58,149.07,155.86,158.59,159.36,150.94,164.73,159.01,177.21,163.3,158.06,134.17,165.18,183.43,165.84,206.68,174.99,210.46,167.2,183.98,173.36,173.33,220.22,208.03,223.01,222.45,216.37,214.03,192.07,217.63,227.28,206.04,219.48,205.85,4
143.87,215.25,212.56,202.49,179.36,172.71,179.99,170.75,162.21,194.55,199.53,157.11,155.71,153.75,137.56,153.28,149.66,154.72,148.87,154.78,152.78,172.75,125.79,147.31,150.56,96.544,141.05,136.1,153.33,155.16,154.19,154.98,143.17,113.63,138.21,133.43,66.814,94.982,0,43.269,103.22,136.84,110.29,94.176,174.66,172.5,169.19,164.79,179.89,181.84,179.89,179.99,188.29,184.75,162.38,104.68,113.45,165.49,105.94,68.441,96.684,155.27,88.88,60.746,208.42,179.13,122.21,131.89,130.28,109.57,126.06,119.36,126.7,116.11,145.99,121.52,121.99,166.32,187.31,165.99,120.05,172.57,127.82,162.49,174.01,169.42,181.98,176.7,144.62,128.16,138.64,141.73,137.22,124.8,160.96,141.06,121.25,141.48,147.03,4
152.46,214.85,210.51,205.87,183.33,167.23,170.18,164.54,155.19,190.93,193.33,150,154,150.15,133.14,151.32,143.86,148.73,137.14,150.31,147.28,167.63,121.54,146.16,150.55,96.692,140.78,135.62,151.61,151.6,158.04,154.8,141.9,123.42,123.03,120.64,59.789,86.732,43.269,0,107.89,147.05,125.63,106.86,173.51,172.89,169.03,161.14,178.77,179.29,180.61,180.42,191.08,187.41,158.18,114.43,83.376,165.92,118.77,81.841,106.69,150.24,92.093,73.593,201.91,163.36,118.13,127.52,127,106.53,124.5,117.75,124.9,115.37,144.22,120.45,125.76,165.93,173.33,168.29,123.98,170.12,123.02,158.42,169.06,173.16,182.51,172.9,141.22,126.4,134.37,137.47,142.58,133.53,159.27,142.95,121.47,140.04,148.44,4
141.99,181.11,192.42,189.26,166.38,139.25,157.42,135.04,138.61,167.92,184.9,130.94,158.05,150.24,123.52,147.79,167.91,159.43,160.42,135.99,140.31,145.15,110.74,152.07,173.63,95.853,144.34,173.78,201.54,175.3,160.77,152.62,160.19,124.13,100.44,64.653,80.944,95.489,103.22,107.89,0,157.83,104.37,105.74,147.96,139.54,142.8,126.6,141.95,146.67,150.98,153.57,157.52,153.04,131.67,113.18,119.61,134.3,112.02,95.158,129.43,127.18,114.05,145.86,164.85,158.06,122.92,139.2,140.56,150.63,141.55,145.54,144.93,152.03,143.75,135.36,117.48,151.7,157.04,148.13,185.69,161.89,188.71,164.73,167.03,171.19,165.02,178.88,175.09,203.46,195.43,186.26,190.8,159.4,179.07,192.32,185.65,189.13,178.08,4
140.7,215.28,198.14,209.31,185.58,184.61,179.95,184.93,180.84,191.79,192.15,178.25,190.47,171.83,176.36,179.6,183.86,198.5,189.7,183.23,184.01,174.16,146.84,166.88,169.74,152.8,174.84,154.42,193.75,149.9,152.31,170.11,193.08,108.75,162.79,154.1,129.3,145.92,136.84,147.05,157.83,0,148.44,142.84,173.69,180.52,171.31,156.56,186.46,188.99,176.69,178.99,185.41,181.41,156.56,144.93,151.34,181.98,147.38,134.62,130.88,187.94,152.49,158.54,191.82,169.7,148.84,145.88,146.85,155.09,148.97,155.44,156.3,173.05,164.89,153.81,128.17,154.45,162.23,148.63,195.45,139.65,193.6,135.95,164.1,143.7,153.85,189.94,196.38,194.58,189.55,186.75,194.69,172.23,198.38,194.78,182.97,179.91,192.37,4
134.96,224.52,227.43,215.11,201.83,199.67,196.14,196.39,194.24,196.91,209.88,182.49,209.51,196.08,154.4,180.5,221.24,216.79,216.8,178.69,195.5,187.6,152.73,178.96,200.02,158.49,164.13,192.74,216.36,197.48,172.58,180.05,199.84,97.557,111.13,102.8,70.937,88.442,110.29,125.63,104.37,148.44,0,41.103,185.95,186.72,188.01,174.17,195.97,195.4,190.76,193.18,188.48,187.06,179.21,143.05,164.52,194.31,144.32,141.39,164.13,194.46,155.84,176.25,209.38,198.24,154.29,150.28,150.98,167.61,159.11,162.95,161.66,184.76,167.11,152.36,135.96,176.83,198.16,169.92,229.11,174.94,242.67,180.49,187.17,193.02,179.69,217.65,209.47,240.54,221.18,211.2,231.67,201.94,213.71,246.54,217.43,232.79,218.24,4
131.81,221.27,224.44,211.64,197.24,189.02,189.71,187.49,186.58,191.28,200.58,173.68,193.01,186.12,146.54,173.59,200.45,198.12,197.5,166.96,187.15,178.57,131.9,162.54,183.3,143.48,148.96,173.63,203.6,178.27,160.66,162.78,186.68,70.185,105.03,99.797,58.131,75.526,94.176,106.86,105.74,142.84,41.103,0,171.02,169.03,170.34,162.2,175.3,175.02,173.5,174.93,173.19,172.26,166.37,126.84,145.5,177.36,131.34,123.3,149.28,178.14,143.5,158.12,197.77,184.06,136.15,137.54,142.24,147.13,144.97,148.81,148.16,169.37,158.71,137.9,119.85,167.79,194.93,157.5,207.16,168.29,223.52,172.25,179.45,182.72,174.61,213.53,189.45,217.76,201.88,193.13,207.52,180.43,193.18,225.4,197.56,213.46,198.09,4
116.65,114.51,123.46,134.1,112.35,63.985,94.309,63.549,60.673,117.69,124.82,73.212,86.35,88.465,97.145,78.934,108.72,98.528,111.75,74.003,69.355,58.946,91.426,78.664,70.394,106.72,91.052,94.439,105.83,89.357,97.129,100.39,91.317,177.23,128.68,145.59,162.33,197.69,174.66,173.51,147.96,173.69,185.95,171.02,0,34.771,22.677,79.334,31.613,32.338,20.612,34.448,26.292,22.85,83.876,135.51,141.09,87.688,136.7,137.48,127.83,114.19,144.8,178.72,123.37,127.04,95.575,90.443,86.78,117.2,94.409,106.88,92.688,114.19,127.4,86.179,100.36,101.36,103.2,110.05,146.56,107.88,151.33,119.67,110.93,142.6,114.53,125.01,84.082,142.61,122.72,106.13,108.94,113.13,79.534,115.87,126.11,115.46,91.984,5
121.17,113.24,147.72,134.09,113.4,65.671,96.132,67.445,62.828,121.66,128.05,77.385,91.24,85.981,86.762,78.087,107.35,101.02,109.67,74.19,72.211,67.626,101.8,88.981,82.962,109.17,109.27,113.09,122.88,111.11,110.85,121.57,92.538,165.86,132.44,136.42,153.5,191.81,172.5,172.89,139.54,180.52,186.72,169.03,34.771,0,30.1,71.498,21.533,20.331,33.482,46.485,41.959,40.412,76.939,129.92,142.11,90.471,130.19,123.51,122,117.77,137.62,177.37,117.3,112.21,113.52,103.98,95.608,116.29,106.22,116.79,105.22,110.52,120.82,93.437,113.89,111.47,112.18,118.62,144.22,119.16,157.22,128.27,110.91,136.85,123.58,125.72,90.612,142.8,122.54,100.33,103.27,108.06,84.308,113.36,129.23,117.59,95.754,5
112.2,110.41,123.21,133.11,110.57,63.371,87.237,65.802,59.165,106.22,126.54,76.988,89.993,89.53,92.582,77.771,108.12,102.13,110.57,74.245,71.281,63.543,89.511,75.617,64.319,107.97,88.646,89.936,104.4,88.679,101.7,104.39,87.04,175.51,129.65,139.97,156.4,192.97,169.19,169.03,142.8,171.31,188.01,170.34,22.677,30.1,0,78.54,31.952,28.986,25.515,38.294,29.535,27.17,83.079,125.44,134.56,81.573,127.14,132.97,123.9,112.9,135.44,173.79,118.7,120.02,94.384,85.984,82.451,112.61,90.109,101.12,89.139,106.6,122.13,84.546,97.636,102.23,104.87,109.1,139.08,107.36,142.64,123.91,111.7,141.5,114.42,121.68,87.706,140.48,121.95,101.31,103.99,109.44,82.018,112.31,126.73,113.35,95.307,5
114.56,134.83,116.67,155.59,133.2,100.15,129.47,97.493,102.19,133.26,145.06,81.111,96.334,72.898,91.219,80.999,100.52,100.13,100.13,83.138,75.481,96.535,90.312,93.412,105.84,91.442,116.93,122.9,131.13,120,106.58,106.6,101.21,159.77,129.4,125.64,149.63,150.21,164.79,161.14,126.6,156.56,174.17,162.2,79.334,71.498,78.54,0,76.513,75.588,86.106,88.808,93.617,90.663,28.297,85.526,122.98,81.001,85.467,123.82,97.476,94.727,109.2,153.79,117.73,121.82,97.977,95.64,96.232,114.41,106.39,104.53,102.4,107.98,117.12,94.097,107.77,93.844,89.89,97.195,151.84,100.14,147.08,129.73,96.144,116.25,113.16,156.48,111.9,135.51,136.12,111.75,101.57,104.37,101.6,110.4,132.33,114.65,104.56,5
129.79,123.54,142.04,131.48,115.1,61.458,89.876,61.009,61.178,119.85,121.25,82.362,95.396,92.638,93.522,83.715,114.32,104.49,112.36,79.788,78.1,69.215,102.66,87.144,81.189,117.6,104.72,114.45,121.4,111.17,114.28,121.18,88.533,174.04,143.97,141.36,158.68,194.31,179.89,178.77,141.95,186.46,195.97,175.3,31.613,21.533,31.952,76.513,0,15.553,30.227,49.159,40.242,39.074,83.064,130.02,148.16,87.952,131.48,130.52,121.08,119.41,145.07,183.1,112.22,120.04,118.99,110.46,102.98,128.47,114.35,124.21,111.79,115.7,122.16,99.346,121.57,112.86,117.11,127.34,153.96,124.14,156.25,136.89,117.86,140.53,127.32,136.46,87.446,146.96,132.3,108.16,109.49,115.59,82.126,114.34,137.71,122.62,91.506,5
130.55,121.07,140.92,134.42,117.35,63.358,92.893,63.227,61.199,120.8,122.05,77.954,90.294,87.399,93.465,80.044,109.25,98.14,107.88,74.74,74.918,64.861,105.26,87.486,80.022,117.53,106.06,112.68,119.84,108.13,114.27,123.09,87.966,169.78,142.46,142.95,161.64,200.51,181.84,179.29,146.67,188.99,195.4,175.02,32.338,20.331,28.986,75.588,15.553,0,28.697,47.014,41.608,40.873,80.663,135.23,151.49,90.947,138.4,132.54,126.45,119.64,148.01,181.2,117.84,119.7,117.5,111.69,102.9,125.09,112.63,122.62,109.26,113.62,117.13,96.941,121.15,115.42,116.36,128.48,150.74,125.85,153.06,139.61,119.05,143.06,129.99,134.79,86.818,142.63,128.62,105.71,103.35,115.8,79.483,112.35,132.22,118.61,88.112,5
118.01,121.65,129.2,135.37,113.18,62.668,96.645,62.85,60.976,122.42,125.5,80.173,90.991,90.195,100.54,80.472,111.56,103.09,110.99,78.939,75.896,62.739,95.528,79.491,72.463,109.66,94.866,97.136,111.5,90.784,98.01,101.1,93.528,180.32,130.53,146.19,164.2,202.43,179.89,180.61,150.98,176.69,190.76,173.5,20.612,33.482,25.515,86.106,30.227,28.697,0,35.246,29.621,27.864,87.317,138.25,148.74,90.57,139.29,138.53,132.02,116.44,146.5,185.47,125.02,131.67,99.092,92.884,87.297,121.69,93.505,109.22,94.273,116.89,126.66,87.666,100.26,104.58,106.69,115.75,156.73,112.56,155.1,125.15,113.68,144.02,119.76,136.38,89.599,150.22,130.65,111.14,111.81,112.66,82.965,121.77,131.4,122.73,98.246,5
124.81,111.8,126.6,145.32,120.98,72.03,99.586,73.837,70.461,128.38,136,74.447,81.327,73.752,90.974,77.933,96.974,87.688,107.26,69.976,64.247,62.977,102.38,88.415,82.325,112.65,103.13,105.23,113.29,99.548,107.36,111.46,101.63,182.58,132.4,148.17,168.76,205.96,179.99,180.42,153.57,178.99,193.18,174.93,34.448,46.485,38.294,88.808,49.159,47.014,35.246,0,41.118,40.308,91.91,137.75,139.77,93.833,139.32,143.71,135.53,113.94,144.67,182.97,135.36,124.64,99.71,92.043,87.316,116.81,94.59,106.26,93.857,114.36,117.25,89.231,102.97,104.5,104.75,113.6,126.34,110.76,152.28,125.21,109.46,142.41,118.8,122.62,91.396,148.19,123.27,111.05,114.68,110.89,91.327,120.06,119.75,120.54,102.83,5
121.79,114.06,126.98,142,117.03,69.556,102.35,70.092,66.617,118.6,137.25,82.374,95.502,95.421,102.76,83.095,118.06,111.87,124.31,77.21,81.124,65.411,96.485,83.404,78.236,115.3,96.252,99.723,113.52,93.359,112.78,110.89,98.308,188.63,127.62,152.91,172.01,207.59,188.29,191.08,157.52,185.41,188.48,173.19,26.292,41.959,29.535,93.617,40.242,41.608,29.621,41.118,0,8.4454,94.68,144.43,145.06,90.929,144.72,146.37,144.49,126.22,154.14,194.98,128.97,130.83,101.61,93.495,91.347,122.09,95.093,111.37,99.1,123.91,132.53,92.028,103.05,120.37,119.86,120.5,154.53,123.14,165.22,125.12,123.26,157.89,135.85,128.76,92.502,161.26,139.36,116.51,118.62,118.1,88.804,126.28,142.32,129.05,107.79,5
120.14,109.58,123.76,140.35,116.45,67.858,102.3,68.142,64.366,115.75,136.69,80.549,92.34,93.302,99.987,79.709,114.86,109.43,120.43,76.467,78.642,62.779,92.987,80.884,77.995,110.7,93.008,97.066,107.6,91.374,110.7,109.07,95.242,187.4,128.35,151.72,169.59,205.03,184.75,187.41,153.04,181.41,187.06,172.26,22.85,40.412,27.17,90.663,39.074,40.873,27.864,40.308,8.4454,0,93.329,141.97,141.01,86.363,141.78,143.68,139.15,121.89,152.36,187.87,130.7,129.56,98.079,89.721,88.192,116.41,92.33,107.59,94.104,119.37,128.65,88.5,99.761,115.8,115.65,117.3,147.85,121.48,159.43,121.43,123.02,156.72,132.66,125.96,92.117,157.55,130.94,115.63,116.33,116.93,87.001,126.7,135.5,128.05,107.72,5
125.55,133.78,122.77,151.85,131.07,100.21,130.81,100,102.39,126.44,134.54,82.852,90.688,68.914,79.243,75.125,86.716,91.862,86.962,74.688,78.87,96.542,95.898,83.13,99.194,101.6,112.78,121.38,118.55,108.67,101.64,116.06,87.118,147.77,114.04,127.86,152.05,152.51,162.38,158.18,131.67,156.56,179.21,166.37,83.876,76.939,83.079,28.297,83.064,80.663,87.317,91.91,94.68,93.329,0,81.498,118.51,85.615,81.048,120.39,87.12,94.42,102.38,141.99,119.96,116.36,102.62,90.802,91.787,98.724,94.455,94.185,88.839,89.071,100.28,87.204,104.61,83.801,79.725,91.265,136.47,89.288,128.58,118.79,86.272,99.978,95.604,149.1,100.15,113.64,108.94,100.37,82.551,89.355,86.456,93.907,105.73,96.547,89.925,5
118.91,163.53,164,172.06,148.04,116.75,146.08,117.98,108.74,155.63,161.99,120.67,111.22,101.01,119.69,119.56,118.51,128.8,125.99,116.73,107.59,131.54,115.01,129.79,132.97,90.656,129.51,138.44,149.44,135.04,135.08,143.15,118.44,143.86,117.29,119,109.28,127.81,104.68,114.43,113.18,144.93,143.05,126.84,135.51,129.92,125.44,85.526,130.02,135.23,138.25,137.75,144.43,141.97,81.498,0,81.234,95.862,21.549,83.701,57.062,83.922,48.159,106.42,125.79,112.12,96.827,127.79,131.72,120.71,121.86,122.31,120.51,114.59,141.42,116.55,108.63,125.85,131.22,125.51,139.77,134.87,140.67,141,133.11,155.65,143.92,141.59,129.38,140.46,149.2,124.19,121.97,108.5,110.31,121.08,142.85,129.52,110.24,6
132.13,177.44,166.32,166.78,148.79,122.03,136.56,120.65,117.85,174.69,185.1,116.11,122.01,112.59,114.55,125.46,107.81,113.66,111.62,116.72,108.97,124.29,115.75,141.38,144.54,82.003,140.68,131.23,144.32,131.45,123.84,143.61,133.32,156.95,131.05,134.7,103.76,122.51,113.45,83.376,119.61,151.34,164.52,145.5,141.09,142.11,134.56,122.98,148.16,151.49,148.74,139.77,145.06,141.01,118.51,81.234,0,121.26,84.16,62.917,91.943,95.315,75.587,101.59,145.94,117.75,115.38,120.79,126.03,113.74,118.1,111.97,113.31,101.77,134.25,110.64,131.19,133.78,144.24,133.69,111.44,144.34,131.31,144.17,155.93,154.57,150.87,131.68,134.29,139.44,131.19,130.7,136.53,130.16,133.04,131.49,122.81,139.08,132.21,6
124.95,125.91,117.6,131.88,120.56,83.611,117.99,81.734,87.922,115.75,125.49,88.326,85.813,69.955,81.948,81.115,84.461,86.349,95.266,86.842,79.596,95.289,106.46,111.01,107.06,104.54,117.55,123.99,118.78,117.59,131.22,133.42,92.693,183.88,145.63,139.11,174.49,181.86,165.49,165.92,134.3,181.98,194.31,177.36,87.688,90.471,81.573,81.001,87.952,90.947,90.57,93.833,90.929,86.363,85.615,95.862,121.26,0,98.428,115.2,92.299,65.997,110.15,156.35,133.2,124.67,89.496,95.358,96.65,90.905,90.601,86.286,80.955,97.205,98.416,82.799,106.27,101.62,106.38,109.67,107.85,120.58,130.46,135.83,109.22,149.17,129.62,120.68,114.18,133.84,123.35,101.76,100.92,107.69,88.586,111.43,124.12,119.03,98.917,6
